6347	11774	701	5771	6571	7431	6428	6308	1239	11126	5696	11899	11133	7142	13416	11020	10510	13354	13749	7949	12029	12250	12253	13409	13775	13467	13893	11942	14431	11406	4943	4239	11553	14517	7869	11251	10492	7097	14140	11070	10710	13573	7752	14293	11565	13654	8149	11325	6144	10985	10749	2044	13513	14229	13328	14171	5086	14523	7737	11543	7742	7439	14066	13493	13396	5656	7829	10950	10621	7770	14079	8180	10928	6461	11215	12137	3561	13721	12077	6109	10811	11539	7104	14415	12237	10557	3356	10263	6463	10977	13818	10689	11282	6576	11206	
3786	9524	9702	7561	4670	6453	9491	2914	3356	2828	293	9629	1237	9575	4745	9688	3748	9574	9765	9644	9770	9694	9767	9532	6068	9573	9709	9685	3813	9646	9683	7558	9703	9647	4660	4663	9487	9521	9273	9526	9638	9699	7564	9705	9579	9701	9689	9527	9756	9493	9690	9522	5051	9569	9693	9525	9529	9773	9772	9528	9640	9490	9704	9692	9696	7562	9759	4791	9277	9691	9634	9530	9456	7620	9695	6461	209	4668	9645	
721	745	5972	1591	400	568	3561	5927	1461	5295	1460	5974	1499	1521	5180	412	1598	999	467	222	1474	5181	1504	1317	2046	5962	255	1471	1462	422	4123	638	765	1494	1476	5954	6000	1459	1507	272	1488	1533	1531	1482	767	1466	497	1727	398	1505	1904	5961	1914	3475	219	1480	139	1472	1498	1458	637	1464	424	1452	440	395	5109	1959	3146	1451	1527	1503	1874	1491	1475	523	1492	1455	5264	1485	1590	174	1477	1489	385	
4766	3825	5051	9270	9645	3967	9494	3608	1239	7018	3813	4790	7561	3748	7624	9644	9637	9458	9532	9323	4660	9456	9522	7621	9493	9568	6461	9631	4663	9525	7626	9489	9529	9526	4749	7627	9686	3784	9705	7620	9273	9708	7564	9760	7559	9492	9275	9684	9452	6453	9276	
4637	4645	4631	9590	9742	3561	2828	1239	3491	4656	9420	7483	4623	2706	4627	4611	4644	4748	7479	7499	7578	9581	9666	4655	9653	2008	5085	72	4614	7577	9658	7484	7695	7565	7646	151	9729	4641	9440	4760	9504	8443	7642	4610	7589	2772	9444	9584	4774	701	
4230	10906	12135	11801	7414	11156	11921	11415	10531	13761	14204	12140	4005	3561	10881	13320	10362	7162	11706	11419	10417	10954	10704	11271	11180	13914	11800	10688	8141	11802	6125	10733	10670	10875	11431	8167	10454	6543	7063	10495	11390	11896	13874	10429	11284	12136	14026	10938	11993	701	7365	7738	6453	
2548	701	6453	7744	11569	9000	10960	2018	1	11570	12097	2914	1239	6660	13707	3561	7770	6598	6095	13518	2497	6316	7754	1800	13972	2828	11100	286	11753	10667	10908	3356	10958	6059	77	10775	11410	8185	7877	12011	8083	293	11261	7958	3707	11043	14399	11851	12064	8425	13998	3144	3708	11019	11903	10737	11763	13729	11461	7968	13347	13344	14168	11879	7416	7802	10997	10827	12019	7093	2897	11893	11055	685	11153	13342	11501	6434	7908	11962	8191	11215	6109	7734	11539	27	8189	14523	11713	4198	6592	13810	10942	12131	11582	7018	11568	11396	14125	11565	7765	11182	5737	11331	11774	
3257	8553	5459	3333	6666	12447	8560	8939	8520	1	293	2497	2828	7018	3561	2914	1849	8986	2131	8373	12830	12466	8549	12422	8823	701	12612	8763	8862	5392	8792	12419	12512	12450	5597	8932	9170	12664	12581	9007	8602	5385	12308	8767	8649	12470	9072	12288	8575	8794	5409	
5646	3669	11054	1	13777	11878	5696	103	2828	293	7326	11543	7752	701	1239	7018	6316	5773	378	6660	7189	4319	7820	7610	6576	6136	6496	13709	2381	6349	10768	7263	3845	11401	797	11024	6214	10601	10692	11044	11689	11526	3581	6392	5700	10730	7660	6402	
703	4142	4716	2497	701	4711	7683	4627	9502	9714	9366	9660	7722	4623	7578	7646	9513	9655	4641	3363	9729	9732	9666	7650	3084	4614	7589	4158	7540	4740	
3215	12733	6675	8399	4000	5511	8362	12366	8723	8799	8839	6758	12523	12395	8677	12864	12642	12412	12303	12826	12601	12600	8891	8948	8312	9210	8255	6553	9098	8072	8874	5410	8494	1717	
3602	7271	684	7398	14116	6638	816	814	3812	5690	6463	6539	701	6327	5688	4939	13319	12021	12188	6401	4509	13773	7361	1239	6997	7307	11969	7781	7826	5755	4143	7861	13911	13594	13705	
7474	7477	201	7617	1	9268	701	2764	4797	3561	9298	9623	7542	7721	9661	9550	9480	9313	7570	7574	9460	7475	7569	7603	9382	9342	9412	9438	9668	9555	9484	7567	9547	9447	4742	4744	9384	9518	7571	7573	7585	9408	9553	9543	4794	4740	4634	7486	9285	9509	4738	9443	9261	9624	7572	7476	9723	7632	9477	9278	9280	9279	9426	9482	4860	9295	4804	9564	7579	4736	
8342	6731	6453	8592	8359	8470	6690	8691	6849	3561	8350	3253	12451	6903	8749	12452	12683	3235	12332	9110	3389	8629	8744	12768	8810	8249	8615	8828	6854	12668	6673	12705	6800	6863	6828	8557	6856	8997	5563	12327	8790	8732	8568	12685	8263	8580	8382	8345	8395	12396	8241	9068	8675	8371	1299	8846	8334	12627	8920	
702	5378	5512	8394	12493	9019	5499	8277	8404	5556	701	8650	3336	1299	3293	2119	9027	4000	1653	3333	2603	5400	6847	1755	1267	1849	5589	1759	6730	3328	2871	1257	6848	3300	5418	2822	8640	8441	9035	12715	1103	12368	6595	3228	8833	3265	8266	12479	9092	8542	9055	3615	5434	12553	12651	8497	5463	8199	8801	8299	3917	8195	5535	12720	8703	12797	12834	5481	8758	8304	8807	8733	8729	12234	12532	8473	8224	5603	8883	2047	5590	8747	8243	8974	8350	8845	12688	8528	286	1200	8952	5493	6747	9143	6785	3246	5622	705	8289	3259	8914	5403	5377	8993	8399	8984	8301	5430	8221	6696	
3462	7483	4747	7541	6461	701	7482	7473	7018	1239	7535	151	4783	9416	9312	9450	9674	9785	9415	7534	9680	9283	4781	4782	9749	7696	
7170	22	2914	7018	3520	293	1239	568	286	8174	1103	5058	523	1485	5957	6360	1453	1242	83	298	1503	149	1260	5264	1455	84	5856	374	1655	5976	592	303	252	132	175	1456	1	13	5855	37	5881	
1270	5430	5409	8925	702	12731	12355	12447	8648	12555	9067	8560	9030	12503	8875	5621	12678	9164	12676	12371	12612	12510	12288	8735	9175	8864	9182	553	12638	12581	8360	8879	12466	12610	12506	8852	12653	12343	12458	8602	12331	12796	9007	8373	8794	9066	12291	12531	12625	12664	12292	1889	9072	8892	6805	8520	9073	8950	8939	8351	12647	8469	
5408	6799	8248	9069	8253	12364	6744	8700	8762	8643	5470	8991	2546	3268	5489	8530	9010	12402	8522	6867	8617	3323	8933	8581	8278	8618	8388	8396	3260	
8584	6888	12495	12494	9117	8513	7018	3561	9168	8867	8849	4000	4148	8203	12537	12619	12516	8945	8885	6768	12400	8742	12660	8715	6453	8320	8947	
2563	1239	6453	9321	9488	4665	9271	3813	9576	7621	9706	9323	9708	9322	7624	9642	9274	9459	9455	9639	9452	
9126	12502	12374	12360	12422	8220	12584	8687	12568	9132	1841	8360	12544	12625	12312	12458	5517	8569	
4058	4631	7540	9502	9660	4849	7471	151	4650	9655	9440	7565	9293	4624	7651	4764	9665	9409	4748	4639	7484	9504	7499	7659	4658	9584	4773	6461	4801	4142	9520	4647	4810	9468	9742	
5650	6137	11274	12284	1	10323	701	2914	6540	11406	3356	13409	6510	2828	1239	293	11275	13818	6594	14125	6188	13563	4997	10918	12165	10787	10260	11470	3588	11639	11208	14440	4167	4367	6114	11950	10594	10345	5746	10587	11944	3549	11637	13415	2041	
6332	3905	7974	278	1239	8151	7018	12146	10436	7399	10560	4493	6495	13999	11136	7120	3810	1831	6342	3640	10479	7038	1322	
10530	8851	9735	5459	5378	8301	6461	701	7473	8509	4995	9730	14202	9558	11835	5710	13999	12143	12687	10697	10476	2027	13856	10417	9127	7701	9734	12798	
5006	1	3561	2828	293	701	1239	10879	6924	12042	13684	10711	12283	8148	11544	11401	10765	7263	10968	7973	10386	10878	1998	13367	
6503	278	3632	1292	3561	6342	3596	6553	8007	12146	10436	7056	11888	10847	7125	6590	3484	2549	13999	6957	7080	4493	11519	14178	7438	11677	7325	10420	3968	11087	1840	701	7184	8140	3548	7974	
3384	701	4148	7095	12225	13945	2914	6660	4310	11973	7319	11846	6986	4984	6107	11799	13696	7868	10909	6391	8894	
2854	6453	3216	6690	8888	6662	8299	8594	8382	12517	8393	12685	12705	4000	12487	8828	8744	8402	9198	6856	8615	8440	8498	8443	12790	8331	2042	8511	7271	6877	
1913	568	1590	6595	5256	1984	1580	1569	2746	1564	1559	1562	2632	1589	1556	5839	
6082	701	8125	2914	2828	7018	1239	13775	7960	12101	3394	7181	14243	
11317	2495	2701	11659	2496	11537	1239	209	5663	11736	11607	10508	6263	11602	7896	
577	2652	855	1239	7122	803	6509	5690	701	6453	3561	271	3848	11489	8187	10808	854	831	11085	12226	11666	7734	10264	11453	6183	800	7781	11084	684	2659	11566	611	11998	2651	820	
3267	5567	9157	5572	6857	8915	3343	12416	5495	2848	8623	5558	3351	5480	8510	
3302	1267	8911	12465	8583	12474	5396	8968	8224	12434	8660	6840	8722	2594	12319	5510	12514	8441	5395	12445	8858	12839	12650	8265	12309	12505	12710	9037	9209	12363	6737	12779	5493	8855	8626	9026	286	12637	5378	9093	8815	12515	8922	11042	
6172	701	1	3561	1239	14168	7018	2828	2914	293	286	4574	1740	10337	13883	8262	13520	1691	12227	6195	11385	13851	11862	13389	13484	10746	10766	11434	11570	13526	11582	10680	12097	13493	9154	7260	13610	13617	4261	5486	13692	4694	13518	9623	9143	3674	11182	10823	7617	7633	6665	814	12265	14359	13771	6921	11377	6095	7770	12051	
1853	760	8692	1901	1776	8380	1117	6720	1755	8933	8670	1120	1113	679	1205	1119	2036	1114	2494	6883	
2917	5511	5459	12669	8746	12765	1899	12318	2828	293	2914	5378	9159	2199	9057	5413	701	6660	8908	12771	12645	8274	9098	9180	5436	8874	8891	8494	1889	12744	8361	12322	6727	702	12493	2471	
2686	3339	8778	2685	5409	1755	6719	1849	3333	3300	5459	8905	8215	8544	12595	5435	8667	12361	9041	8620	679	8738	6875	12736	12818	9117	8958	
297	1263	701	2497	293	1	1239	1800	209	2828	286	3561	3549	7018	668	2914	127	270	24	41	1254	1843	4511	1749	5058	1103	288	
2767	7992	11260	13616	3672	12239	11522	7734	13441	6241	12021	11257	12263	7445	6537	11814	6183	11727	800	7018	854	11468	5690	
3493	816	701	705	6407	13418	11290	11742	10261	376	
2514	7674	10743	7515	2516	2497	4694	7671	9362	7523	4684	4710	8069	4707	
816	5765	13657	12021	10388	815	3672	7992	7271	6401	11679	818	10856	10808	11119	10520	14078	7366	12226	6241	11085	14472	14193	11084	11103	10400	11814	6183	10329	813	7443	7036	4939	5688	12188	7794	6327	7398	13418	6407	11290	
7515	6461	4645	4657	701	2914	4673	6453	2518	2510	4774	4713	9299	9515	9293	8952	13495	11158	10743	7674	2516	2497	
3254	8856	6877	8788	2914	3252	3319	5592	6876	12545	5593	8192	8813	8258	12742	12421	6703	6807	8592	
2513	7660	2500	7667	2516	9355	3510	2497	4729	2522	3488	7661	10764	4730	9270	
1221	4763	4768	4740	4805	7567	4744	4752	2828	4736	9727	9731	6831	2823	9325	7496	4807	7175	6453	2914	3561	9429	9463	9302	9716	9555	7611	7718	9721	9518	7486	7475	9261	9547	9398	7607	4742	9460	9543	7566	9481	9443	151	9278	4634	4860	9746	9462	7556	9267	9517	7644	9424	9650	9748	9288	9540	9544	4739	9332	9717	9328	9300	7580	9720	4797	7716	9433	9303	9511	9495	9431	7714	9432	9470	9559	9338	9750	9436	9736	
3356	293	2914	5696	2828	209	7018	1	286	7922	3561	701	6921	1740	1239	11345	2497	4200	6402	10487	6427	12634	10811	9193	1103	13759	
1890	8588	3333	5506	8954	5413	702	9013	1888	1104	6842	705	3917	8935	8072	9065	8232	8616	9150	9193	
1740	701	4374	2568	9193	11094	1	13777	14359	2914	10506	10689	2685	12230	11282	4540	6553	2497	195	209	1239	700	226	11687	11078	4263	7377	10583	2715	13738	11596	4310	11985	7018	4265	11675	7657	14275	4179	9264	10868	3588	11683	11980	13540	11187	10666	7760	7856	11127	3762	286	6453	10743	11777	2828	293	12051	11289	12708	5413	10927	1832	1800	
2118	3316	8342	5568	5573	6880	6868	12396	8675	8241	9068	1299	8504	5495	12730	5553	8752	8480	5592	8449	8825	5386	8291	8370	6662	8753	8409	
6762	8447	6453	8225	6665	701	1239	6664	3300	5505	3549	12797	5532	6758	7642	12626	7303	8496	12762	
1273	10627	8397	5409	8627	8309	9063	12313	12541	8875	8969	6659	8793	8820	12420	12732	6754	1849	5459	6805	3333	12348	6553	5413	286	8391	12544	8767	8422	6733	9145	9132	12796	12579	12312	2861	5521	9211	12337	12830	5517	12571	12316	12722	12399	9067	12360	8375	12413	1755	12329	12521	12678	3300	
7066	1239	225	11279	293	13546	11975	3553	10357	13398	1201	10545	3561	
1755	6855	5628	5403	3228	6745	6774	2914	701	9057	5669	3333	6830	174	5413	6461	5388	286	2603	1299	5595	1889	6754	517	1759	3278	6905	8773	6730	5423	5607	6887	8474	8246	6706	5588	8379	12565	5407	5621	12626	5430	5499	5511	5405	5424	5539	6761	6804	3330	8525	8397	3248	5551	5400	3336	6873	1239	1877	8992	8290	8223	1880	8938	
3304	9031	6696	5463	286	3300	8986	8270	12392	8201	8476	8296	5589	
1673	1326	1687	1322	1335	1334	3951	2685	286	3561	174	1239	701	1	1695	1324	1677	1330	1674	1332	1694	1323	1333	1321	1667	1328	1672	1331	1329	1325	1327	8174	7865	2752	3725	3605	1662	6435	8252	1670	1849	
114	4557	302	8	7276	3561	2914	278	293	5707	11773	3794	13348	
7586	7657	4565	7543	7584	7652	4634	7598	2914	7602	13385	12250	7175	9387	9396	7719	5726	9507	13631	9501	9672	7607	7604	9333	9298	9267	9543	7605	9664	7721	7591	9288	9787	7583	9398	7647	7704	9465	9266	4802	9429	6621	7648	9427	9428	9500	12255	4378	11222	3718	11371	7045	10701	10935	6317	5673	11899	4739	4797	7489	4805	
3549	701	10487	12077	6745	11042	6066	10439	9468	6316	2706	1	2914	11899	13771	1239	6259	13957	10263	12220	4039	6576	11767	226	286	14001	3463	11206	11803	7055	13405	11565	7765	8192	1325	12119	13525	13549	11022	13912	6954	13724	8001	10557	7321	11669	6123	11638	14167	2828	11608	3561	7018	5650	9552	11777	293	13543	5430	
5727	4651	4631	6905	7696	2915	4793	9499	7474	7497	2042	4134	1221	1	
5676	226	11774	7829	13990	1239	11668	13631	6921	13405	2685	13396	11687	7012	4179	13763	7657	11208	13658	10501	4554	5655	10596	127	6508	4555	5726	2914	
3967	2914	3561	701	10703	1239	12076	2497	2568	293	7019	6427	1	2828	7018	11251	7750	6508	12008	7829	1852	10811	11133	4198	11803	13362	4259	11695	13912	10784	6354	11864	6416	7280	14246	12125	5088	13910	11216	11669	14245	6565	11886	6905	13721	12137	8001	7104	6461	13945	
3300	5378	3329	5603	8196	8354	12457	1755	5403	3333	6847	6705	6805	701	1299	8938	5595	7018	3330	2828	2497	6754	5539	1889	8245	1200	8737	3352	8397	6842	12338	12401	12454	6829	9008	5466	8673	8933	6772	12298	3305	2007	5623	12667	5620	6764	12602	9083	8820	6799	6896	2610	12778	8585	9128	1273	
2521	2516	2497	4702	4675	4693	9362	4716	7690	8920	7670	4709	9352	7523	7529	9356	4724	7661	174	7665	9374	7525	8375	7306	7527	4685	4758	9497	6894	2524	10362	7678	7479	9350	4714	9369	12517	
1309	1717	1303	12398	1301	2269	775	777	2062	1307	1708	2472	2470	9057	
2856	2548	9057	5400	5459	8743	3561	5378	701	1849	4513	8068	1239	1	6656	5413	6870	8681	8435	8635	8689	6871	5631	
3303	8281	1836	12649	12387	8802	8404	5378	1	6553	12368	1833	8729	8845	8237	5622	9078	8368	8231	8736	9025	12511	12620	12333	9108	12776	6756	8843	5385	8408	8667	8659	8477	9044	12307	12772	9177	9096	9042	6772	12750	2612	8821	2047	5398	6732	
2200	5511	513	789	8933	1305	12435	1936	1719	1304	1716	2477	1935	1940	1720	2237	2222	1937	776	2236	1938	1939	1942	1721	2418	2259	1300	2060	1725	2457	2478	781	1723	1717	3350	1713	6865	6719	293	8918	2828	5378	11537	
2764	7617	7489	7716	9421	9476	7492	4805	9268	7579	2823	4736	1221	7606	9651	4797	7648	4739	7586	7602	7652	7647	4802	7591	7583	7704	9298	7580	9332	9328	9720	9717	9300	4740	9496	7600	9265	9282	9262	7701	7555	7628	9284	9314	9585	3409	7631	7703	7657	7702	7635	9752	9336	
3216	2578	8371	8342	2895	2766	8395	8359	8580	8345	5459	8570	9107	8711	12538	5558	12397	3312	8904	6819	8382	8594	5551	3561	8331	8636	12622	3218	8515	6788	5537	8482	8752	8901	8691	6869	2587	12714	12499	
4926	6147	701	3561	7018	1239	705	4270	13591	10318	10481	10452	11503	11311	11411	8066	11256	7005	10671	13878	11014	11450	11193	11008	11373	10605	11063	11750	11315	11392	12264	10986	10277	10795	10757	13934	10785	7049	11451	10834	
1225	11115	11386	10792	11325	2914	701	4239	7996	267	1224	12119	6954	14167	1325	10297	8142	10352	11366	10685	13597	1239	7960	
4682	4689	2497	7673	4700	4735	7663	9335	4000	2518	7686	
293	2497	4565	2914	1	701	7018	1239	3932	3561	7374	286	174	2685	2828	3491	6453	3549	2041	34	5696	
4200	2041	1833	701	3561	1	7018	1239	2914	7770	209	7208	286	2828	4261	293	11042	5726	10297	7019	7439	5771	10684	3830	11394	7321	6517	7344	4993	8354	11933	6392	11271	14140	6434	10985	7949	10621	8149	7742	3110	10475	11209	7044	10589	8532	10263	6472	14011	7436	13580	4324	10289	8979	11668	10323	3209	
8437	8591	8333	1755	3248	8525	12605	9119	8307	8559	9185	3303	8380	12609	
145	195	3388	210	293	11422	10490	3561	1103	7377	103	4130	3756	10886	12118	3676	3685	5739	5640	2552	9	10579	11872	1206	18	11745	29	7081	3999	20	10755	1706	12	11078	14	7050	26	6192	1224	721	225	4557	1909	1227	2641	6510	10927	1334	
3951	6350	209	11149	7021	3561	286	2828	293	2914	3356	6102	1239	2497	7018	1280	11022	7177	13662	8115	10997	10448	11279	268	
2828	2914	293	3561	6453	286	701	3491	7960	3407	6079	174	2516	7194	2041	2685	1239	237	8866	6147	209	3914	11608	10744	5712	1	4694	10792	
5727	3549	2828	7473	7018	1	701	1740	1221	4134	2042	
6730	3292	6774	8650	5459	9177	12546	6719	1	3334	8408	5556	8640	8833	9092	9025	12511	8843	12623	12776	12429	12620	9108	8801	6776	12772	9042	12307	12750	8845	8703	8883	8404	8243	286	12834	9167	8881	5624	6834	12633	3272	8989	2109	12483	12639	9208	12676	8332	
8297	5378	8406	8784	3209	1267	8319	5410	6706	8968	6453	5459	12322	8815	6721	10627	8298	1849	8743	286	9150	5617	8967	6678	12709	12670	6796	12323	12785	8942	6761	8528	2007	9167	12341	8799	8625	12420	5409	8228	8908	12536	12507	8453	8316	
2914	2828	293	2497	4183	6939	1	6461	4000	3720	3320	7473	701	5413	5511	6402	7091	10602	5669	5409	5621	683	13858	5686	7996	11984	6745	6427	2495	103	
8657	3243	3561	8765	6453	5400	9186	12305	8994	6773	8458	8824	12353	12603	8826	12542	6853	4926	8297	
4513	3561	6391	13902	11825	11559	2497	2828	293	701	2914	1239	5400	11579	14415	3333	12101	13411	5459	12220	14108	12110	13913	11082	12193	3549	13437	11925	4310	
11919	6461	4855	7713	4750	7018	4741	9442	4434	9386	7699	9441	4800	9789	1239	9448	7497	3561	9657	4796	7640	
6660	6765	293	7194	5587	5378	701	2828	6461	3491	7922	174	6427	3407	3932	5696	6402	6779	2041	3967	2516	8001	4565	8647	6259	5503	8202	6894	8625	8924	10742	8306	
137	5446	3426	9010	8933	5445	5441	5444	5457	3230	
3356	6489	3720	14313	5671	10439	2752	8220	8010	7911	14355	11194	5740	12210	6517	6982	11024	12213	13410	762	13610	11766	6525	6079	6317	11539	8059	11386	9057	7960	12006	13543	7599	2568	10811	14281	10753	8179	
5568	2683	3058	2848	8810	2148	12613	12690	8756	8510	2895	2875	5433	5468	12448	3325	3389	3218	5471	8336	8411	8663	6671	8684	3335	8324	8730	8623	6453	5480	9056	2643	5387	12724	5467	12739	6699	12304	
1239	3561	11167	6512	10977	3292	6195	7138	6412	6755	4261	6095	7770	14168	4550	10910	4039	1767	2516	4694	7194	4134	6140	11331	11796	4005	10772	11114	3663	5522	8781	14257	5689	4000	8151	5511	11036	13405	11570	10928	3674	12097	6306	5389	9557	10827	9335	5466	3816	10487	11713	13707	7019	1833	3463	10911	10337	174	4540	2685	
5459	1849	5378	5519	5413	5621	5571	5409	8902	3344	5669	6745	1299	1290	3328	5551	6461	5388	786	8680	6779	6774	6728	7	6195	4000	9084	12390	5430	9195	6453	9193	5500	8582	8942	12008	4589	3561	5482	8933	8681	9144	8068	7176	8406	2110	8354	8851	6765	1899	
10514	2914	3561	701	1239	12035	6967	1698	
2905	6453	2914	6187	10393	4178	10798	11645	
1800	1257	1755	1880	286	1877	1239	293	3561	5696	5511	209	701	568	3336	2497	6855	1273	1881	1879	3597	2027	1740	1	668	2120	12563	8873	1882	
3333	1136	1103	9057	8483	3265	8737	8209	7176	8251	6830	8215	5615	5399	1888	1104	1200	12394	6905	286	5413	3292	6774	8220	9143	8873	5583	5418	8651	5590	6728	6745	8840	5511	8582	8954	9013	5378	12521	9193	8232	1137	2043	9065	12432	8935	
2907	2500	4730	2506	2505	2508	2520	2501	2497	4717	2504	1103	8933	6453	2498	2503	9367	3460	2523	4767	4796	
3259	3305	12409	6675	9078	8964	6804	8839	8836	12398	6215	1301	5436	12645	9180	12642	12864	12826	12601	9210	8723	12366	12523	12412	8677	12771	8799	12744	12395	12863	12528	9036	8999	12662	8983	8780	12629	12566	10806	3917	8784	6904	8304	72	12696	9130	12372	12727	8255	6894	
5377	3261	12549	9005	2603	1299	5413	2588	9154	8194	8705	6453	6746	6702	8353	8314	6700	8923	9015	8207	9152	8486	9205	9016	5479	9202	6668	5556	1755	8693	9213	12681	12780	12706	11042	
3320	8593	8196	12658	5610	4000	12657	1239	5459	7018	8866	5483	1849	8638	3745	12510	9175	9063	8303	12665	9115	6821	9125	9059	1889	12470	8072	13530	6700	12558	12291	9197	3333	12553	6453	5490	12456	8422	5588	8879	9164	9053	5407	12371	12614	2497	5403	293	2828	
6664	3313	7176	12498	12489	12468	8783	12551	12340	2647	5510	9034	9035	5382	6665	8855	12309	12779	8626	12363	9037	5378	9209	5609	12428	5395	8978	12710	6882	12445	8072	8463	5397	12650	12565	2593	12474	12505	8816	5394	3228	5535	12719	12835	12652	3242	5493	701	9195	
8764	5522	6453	1299	12562	12539	2847	6769	8486	8516	
5607	11341	6763	6727	4589	6659	5459	1849	1	9179	8757	8689	12621	12513	12606	12554	6453	8330	5597	9212	9159	
11537	4600	13504	7050	6360	10886	2055	2381	11131	237	10490	4557	11975	1201	34	13546	1103	3685	11318	12145	3756	1706	2902	10546	20	10578	10579	5640	14	3681	12	3112	10680	11279	4201	6366	5754	102	27	2048	3136	6059	1832	
6461	2914	9318	701	7599	1239	7019	7018	293	1	5696	6320	11388	6427	12070	9193	3491	3561	3356	7586	10811	7960	5669	4778	7482	5771	12008	9629	9573	7627	9641	9458	6434	11551	5641	7175	8001	6260	8818	11042	3720	10627	4134	
4716	7518	2497	2516	7514	9363	9351	151	7689	7503	7512	4683	4719	7686	7683	4711	4709	9352	4708	2512	9354	9370	
7303	4270	4387	7018	3561	701	1239	6453	4967	10481	7803	10697	10983	11356	10452	3449	
8043	3817	3561	7018	1239	11962	10470	4259	10263	3956	10322	
209	5696	3463	1239	2914	11608	237	12210	1706	6453	7142	13918	6373	11878	13707	2685	1	4258	7754	10685	4039	10878	11864	12283	6967	210	12035	10297	11713	10823	11501	6598	10323	10260	10345	11470	10386	12284	10263	10627	7742	3561	5773	6488	6434	6102	10811	286	
8918	12352	3333	5459	8582	6728	1755	9030	8648	9013	8954	8196	701	5424	8469	1	8251	5399	5571	8638	8553	12392	6675	12339	12450	8391	8477	9197	8977	12308	5419	9145	12488	8289	2611	8309	12670	12520	8227	9161	12518	8975	8853	12666	12694	4565	5409	5574	5401	
6912	3996	2553	701	
8220	9057	5409	5378	5459	5388	8859	8196	5564	7176	8939	6675	8469	6656	8372	2134	8793	12655	8650	286	8851	6765	8784	8743	6453	12745	12755	12761	12640	12433	8622	12642	8304	12312	12432	5428	6427	5500	8796	7363	12355	12731	12390	8251	6830	9195	6659	
6509	8111	10972	10764	803	1103	293	818	10965	376	11700	12004	10786	65002	271	854	800	
8228	8921	9057	5400	1755	8332	5378	3356	6804	12303	9036	8361	6760	1665	8310	5630	6761	8297	
5400	2822	6684	8332	6686	8455	6689	8476	5378	8903	8968	7018	3333	6669	8840	6849	5459	6730	6687	6688	6670	6685	5484	12720	12339	8454	9498	6870	3561	9057	6461	8295	12488	8598	9166	8217	6691	8562	5436	701	13694	
10912	7018	701	3914	3561	1239	1	10910	10851	6594	13707	11839	3816	6299	7633	6755	12006	13631	13328	11568	6592	14160	7796	6116	10501	13549	11638	11970	3857	
724	5872	5303	568	1727	1733	303	1600	1637	635	1602	619	747	227	5958	1985	1649	1989	772	2721	1335	3916	5976	5978	
8903	3352	12457	5409	9075	9165	9052	12356	8216	5378	12321	8239	8072	12334	12688	6669	7018	12492	12540	3273	6901	6739	766	6752	702	
8501	1887	8890	8664	8970	8267	8326	12324	5617	8323	8286	5556	12423	5550	8933	8633	12618	12346	
2603	1741	224	1835	5378	1257	5413	1653	1759	1877	1880	1299	293	3255	8933	6453	8674	1887	3221	1739	544	565	12630	3343	8368	3240	
7501	2915	2497	7519	7502	2516	2510	7685	4728	9358	7529	7668	4694	7670	2504	4724	7525	9356	7524	2525	9371	9353	7662	9374	7669	7506	4709	151	7513	
2497	2914	6066	2828	4713	7521	286	4672	2687	11388	5669	11018	3549	2041	4694	7960	701	6123	4691	4774	7676	7671	2498	7677	11878	5696	7668	2510	7685	
6259	3491	3561	2828	237	293	2914	10797	1239	7018	7922	11036	8142	11933	11698	10942	13960	11794	14228	13944	14001	12097	13957	13344	10618	7962	7985	4198	3144	6621	229	5641	11551	
9121	6755	11042	8685	8429	8505	6822	9000	8707	9102	8705	8710	8428	12735	8876	8706	8721	8415	9021	8488	1967	12794	6453	8386	8927	12711	8378	9095	
6852	6696	8221	4000	12392	8986	
293	2828	7610	103	10764	1103	683	2914	226	4550	378	6453	5726	9419	9434	9292	7472	5099	24	14031	7326	5506	195	3426	8933	
1275	8793	3209	8365	3211	8450	9020	5520	8495	9215	12292	12329	293	8638	6878	8956	1754	553	12349	8519	8319	8756	8899	12836	6733	8933	6783	12308	8820	12420	
4780	7535	7656	7018	6461	7710	4747	9747	9675	7538	9346	7541	7533	7708	
668	2914	1	293	286	7170	3914	3561	1239	7018	2828	2041	13	5409	1800	3856	213	
3976	8355	1290	174	8539	2828	2914	8218	9531	7557	9632	9700	4961	9457	4790	9487	9581	9756	7559	3608	6772	8651	8312	8928	12471	12349	5631	9086	9057	9084	6195	1889	12628	
6705	6754	517	5539	12822	12407	5378	8763	8442	8477	12404	8384	8208	8572	5409	5669	8925	8627	12579	6887	12485	12436	9189	8864	12437	5605	8549	3745	8569	12331	8881	8687	12337	6710	12480	12348	9073	12503	12813	8969	
6505	11415	8167	7980	7298	10906	10881	4000	13935	10688	7063	6543	11706	7414	7365	14087	11752	13357	11835	6140	12140	13761	14204	11242	11432	11497	13316	11751	
4651	4774	4134	3561	7616	7715	7636	7613	7568	7487	9315	7654	9744	2042	4795	2527	4628	4691	4808	
5413	8914	5459	3301	8072	5466	1	2110	6765	3292	8220	8289	9027	3246	6785	2611	4000	5503	1299	1759	8954	8251	8209	1290	1103	5551	5494	2865	8068	1729	5571	6939	5409	5519	
1241	8335	5486	8509	3561	8396	8618	8581	8522	9151	8388	11331	8313	8963	8951	8573	12660	12400	8544	12736	12441	12789	11042	8212	
2497	2516	4725	7679	7500	2527	2518	4723	4692	4732	7673	7670	4695	9362	2512	7511	7514	7530	
3847	2828	6821	4555	701	1239	293	7018	1	2497	286	3674	6259	4276	7233	6870	5379	8830	8982	9172	
174	2493	5418	11042	8013	13883	12265	5378	13911	11313	5511	11839	10337	7056	9425	10400	10329	5765	10264	834	11608	7443	8218	9150	5419	11290	8778	
10910	1653	5669	2839	8001	8647	11442	7169	12157	7455	11153	11362	12000	11867	13566	13821	11695	12213	7736	14074	9088	2833	8748	2843	2837	2842	2836	5601	12384	2841	2834	2838	2846	2831	5378	12006	12534	8844	9196	8669	8973	12628	
8938	8992	5385	8990	8319	6848	8445	8413	1755	12457	3330	1	5459	8333	8638	8843	12407	5403	5409	12605	8321	8294	9097	9166	9040	12762	11042	
6463	6401	6453	7794	11647	4470	3766	7443	7992	7036	2652	13319	11478	2161	10264	14472	11453	7445	11342	
1	5737	701	7055	10827	11100	1239	10928	8563	6316	10506	7754	11839	10487	7176	7021	6350	10372	11596	10878	8148	11544	6847	226	10910	5641	13737	14390	6320	4574	1691	6774	
5483	3340	6685	8571	8448	3816	6668	2012	8579	5513	9024	5596	5565	8696	3561	6453	8716	8536	8499	8602	11053	11237	3603	
5617	5556	8246	3561	12476	6778	5616	12824	8965	8459	12580	8374	6453	12618	12346	8286	8267	8664	11042	8786	12659	6670	1248	12330	5420	6714	8798	5378	
6327	815	814	705	6058	6172	6453	10482	2161	7878	4509	13937	13773	7361	838	839	6539	13418	3812	
11172	10847	8151	14000	8007	11888	10479	10436	13999	6342	7018	10560	3968	6458	7864	3484	
3269	8884	8968	12373	12575	6840	8293	6664	8822	8754	8980	9137	12481	11042	5394	9076	
9010	8933	2611	766	2107	1213	2602	378	1930	1275	8501	701	1755	9208	2852	1103	
7911	2685	10772	5679	2828	2914	13965	5673	5671	13421	13422	10773	7294	7290	11481	13964	13420	2687	7288	5680	11396	3080	5681	1698	2688	11963	7238	14147	
600	1785	701	1239	3112	3561	159	6095	209	2828	293	3491	1	4017	12	14	6074	7321	26	3629	7931	3628	13972	14066	11050	
5551	6847	8773	8743	5459	9169	12421	12370	12473	8946	5378	6747	12530	12353	6757	8468	72	9198	6731	1889	6830	8686	12378	12661	8421	8871	8977	8507	8392	9212	12692	
5561	4005	11331	8900	5483	5393	6784	8512	3816	3340	7137	2027	6458	7727	
286	2110	12301	5389	8358	6826	5459	5378	1	4000	1899	1290	1889	2134	517	1836	5606	1901	9208	3615	12415	9022	12388	8425	12594	8357	8716	8436	8696	8462	8229	9196	5388	1136	
1299	2820	6795	12322	5378	6727	1833	7589	8977	3308	5605	3301	12550	12314	8515	12622	8701	8533	8574	5518	
10911	5673	6394	701	7754	7018	3561	1	11957	714	11886	13912	13724	11864	11594	13362	13526	6239	8046	10533	14055	11099	14049	1239	5671	
11422	11423	293	1852	11537	25	3561	6106	299	131	6192	4	127	47	5653	7377	5739	11293	
3328	6719	6728	5378	5597	5583	8280	8943	12394	4000	8910	8871	12378	12519	8401	8553	8851	8942	12350	9044	12651	8199	5622	8647	8419	12775	8622	12414	8211	12786	12300	12535	12871	3334	8408	
4540	1324	1677	1697	2914	2828	293	286	3561	701	10629	11308	10684	10587	13525	6188	10596	1239	2107	1660	10519	1698	1665	1675	1330	1672	1657	
4694	4703	4720	173	2516	7518	9369	4732	2518	4693	4711	3084	9435	9354	9359	4686	4691	9351	7676	2510	4735	9366	4696	4695	9380	7490	4713	9372	2828	4678	2497	3561	701	
9505	4662	7480	4778	2687	9554	7649	6453	7533	9416	7538	7710	7535	7482	7478	4783	9536	
10490	11095	7939	3452	12148	13429	10364	12173	10631	12005	7202	4511	6356	2553	32774	
8070	6453	1	7018	4732	1239	2914	701	3561	8071	5761	4724	7689	9376	9368	6774	
4433	7734	4740	9296	9451	1849	
2871	8953	12459	5606	12310	5459	7176	8792	12506	8622	8687	12584	9181	12374	5378	11042	6746	12726	12439	8939	8930	6663	
4657	7473	4628	3758	4787	151	9292	6453	6461	7634	1324	9719	3613	9506	7472	3561	
7189	1691	13768	3812	10977	1239	6461	3561	6997	271	13937	14007	13705	1	
6402	1767	7018	3561	8169	11114	5689	5072	13394	10680	209	11069	
4000	7927	6140	3336	6743	5378	8624	6306	11562	10476	13835	11377	6779	8335	6187	8406	4805	2027	7195	2586	719	3238	7417	7980	12365	8582	6826	8280	5583	5511	8593	
1955	1930	8933	9010	8512	2012	6711	2547	3219	3346	3314	5516	8609	3251	
11127	8708	9087	9064	12672	9199	6702	12369	8465	9005	1785	8591	12711	6746	9015	9016	8756	8930	12723	8474	6845	12842	6884	8343	
13353	4230	7365	6453	13935	14457	11042	7738	
5515	1759	8348	5378	8615	5392	6453	1732	8317	5469	764	2380	3274	1342	5574	5590	5589	8988	8755	3312	
6553	5492	1257	9120	2497	1	3561	701	1239	1849	10348	6362	5378	5624	8818	12483	9158	12320	
8472	12611	9072	1755	5400	12860	8673	8735	12316	
1280	701	2828	6453	11388	6123	7922	8359	5673	7091	6921	6147	
6805	8379	8827	5579	8941	8767	5378	3333	5459	5413	8387	1667	9181	6878	9018	9138	9053	8564	8783	9171	
8961	4741	6453	7568	9155	8781	9557	8959	6412	7616	1	9715	9475	6870	5384	4762	
8717	8866	11042	3245	12588	9070	5421	6802	9127	8860	12336	8877	8688	10906	9064	8880	8293	8884	
2588	6747	12578	8605	6851	6906	8206	8724	8274	12509	12847	7138	6453	8194	12526	9091	12525	12443	
4550	7260	3857	7820	3561	1	11253	10905	13337	3407	14009	13709	11796	10352	3663	10730	14257	7018	
8795	11331	9058	9154	9184	8197	8262	12856	12814	12829	8530	5551	8927	3278	12564	8919	8688	8724	11042	
1901	5595	8940	11042	6830	12411	8971	9023	12377	8447	6461	8387	12614	1776	8733	
3608	7563	7623	1237	9316	7622	1781	9270	9454	9271	9317	9572	9698	9494	9322	9711	9321	9639	9488	
7908	10834	676	3597	11503	10318	13591	10481	4270	4967	5745	
5415	12294	11767	8788	3326	6876	8349	5556	8393	701	6877	
8390	8262	12716	8866	8745	11042	12856	8431	12564	8808	8860	
3549	4319	6453	13543	12276	5430	701	11651	13331	11608	
8470	8563	6694	8829	6453	12550	8440	12679	5523	8595	12335	6690	8634	9148	6858	
1757	1325	7018	1239	11698	
8308	1299	6793	3307	6820	5518	8535	12423	12631	8374	8459	12375	8728	5619	6709	3277	12525	
3344	8001	4136	6320	11179	2914	3561	293	701	12519	9086	5600	8844	13696	7868	8647	8924	
6849	12593	6846	8601	12687	12548	3561	8340	12788	5380	6453	12380	6767	12487	8263	8997	12327	8788	
7542	4740	3409	9314	6453	7496	4807	9324	
6873	8245	5405	5423	6823	8339	6829	4000	12560	8540	12547	12577	
6886	9027	6703	8289	12597	12691	12809	12704	9213	5598	5378	
4775	9658	9410	6461	7473	9386	9425	4759	
1667	1327	11313	2559	3358	3394	6462	1674	
